1 - 1 
软件专业  
18160235  吴东   19
18160304  李丽   12 
18160112  王达   18   
-1
计算机专业  
18260123  董倩   14                              
18260302  李大   11
18260122  陈曦   13
-1
#
---------------------------------------------------------------------------------
1 - 2
case 3 :
expected output:
1       2       3       4       5       6       7       8       
2       1       4       3       6       5       8       7       
3       4       1       2       7       8       5       6
4       3       2       1       8       7       6       5
5       6       7       8       1       2       3       4
6       5       8       7       2       1       4       3
7       8       5       6       3       4       1       2
8       7       6       5       4       3       2       1

---------------------------------------------------------------------------------

1 - 3
case : 4
expected output:
step 0:    2 2 2 2 1 1 1 1 0 0
step 1:    2 2 2 0 0 1 1 1 2 1
step 2:    2 2 2 1 1 1 0 0 2 1
step 3:    2 2 0 0 1 1 2 1 2 1
step 4:    2 2 1 1 0 0 2 1 2 1
step 5:    2 0 0 1 2 1 2 1 2 1

case : 5
expected output:
step 0:    2 2 2 2 2 1 1 1 1 1 0 0
step 1:    2 2 2 2 0 0 1 1 1 1 2 1
step 2:    2 2 2 2 1 1 1 1 0 0 2 1
step 3:    2 2 2 0 0 1 1 1 2 1 2 1
step 4:    2 2 2 1 1 1 0 0 2 1 2 1
step 5:    2 2 0 0 1 1 2 1 2 1 2 1
step 6:    2 2 1 1 0 0 2 1 2 1 2 1
step 7:    2 0 0 1 2 1 2 1 2 1 2 1

2 2 1 1 0 0

---------------------------------------------------------------------------------

1 - 4
case ：
10
1000 2000 3000 4000 5000 6000 7000 8000 9000 10000
10
10000 9001 8001 7001 6000 5001 4002 3001 2001 1001

output : 是

case :
10
1000 2000 3000 4000 5000 6000 7000 8000 9000 10000
10
10000 9001 8001 7001 6001 5001 4002 3001 2001 1001

output : 否

---------------------------------------------------------------------------------

1 - 5
case : 1 
expected output:
 /\
/__\
case : 2
expected output:
   /\
  /__\
 /\  /\
/__\/__\
case : 3
expected output:
       /\
      /__\
     /\  /\
    /__\/__\
   /\      /\
  /__\    /__\
 /\  /\  /\  /\
/__\/__\/__\/__\
case : 4
expected output:
               /\
              /__\
             /\  /\
            /__\/__\
           /\      /\
          /__\    /__\
         /\  /\  /\  /\
        /__\/__\/__\/__\
       /\              /\
      /__\            /__\
     /\  /\          /\  /\
    /__\/__\        /__\/__\
   /\      /\      /\      /\
  /__\    /__\    /__\    /__\
 /\  /\  /\  /\  /\  /\  /\  /\
/__\/__\/__\/__\/__\/__\/__\/__\

---------------------------------------------------------------------------------

1 - 6
case ：2 0 1
expected output:
2       2       3
1       0       1
0       3       2
3       0       1
3       3       3

case : 3 0 1
expected output:
4       4       3
2       2       3
1       0       1
0       3       2
3       0       1
3       3       3
0       4       4
0       7       2
1       6       2
2       5       2
3       7       3
4       0       4
6       1       1
5       2       1
7       0       1
7       3       3
6       6       3
5       5       3
4       7       2
7       4       1
7       7       3